1111 9 11
1111 7 11
1111 8 11
1111 11 11
1111 1 11
1111 1 11
1111 6 11
1111 6 11
1111 6 11
1111 9 11
1111 3 11
1111 10 11
1111 12 11
1111 8 11
1111 3 11
1111 4 11
1111 4 11
1111 4 11
1111 6 11
1111 6 11
1111 10 11
1111 3 11
1111 9 11
1111 6 11
1111 11 11
1111 3 11
1111 1 11
1111 3 11
1111 3 11
1111 7 11
1111 1 11
1111 12 11
1111 12 11
1111 7 11
1111 4 11
1111 4 11
1111 4 11
1111 2 11
1111 6 11
1111 1 11
1111 1 11
1111 9 11
1111 5 11
1111 1 11
1111 1 11
1111 10 11
1111 10 11
1111 1 11
1111 9 11
1111 2 11
1111 5 11
1111 3 11
1111 7 11
1111 9 11
1111 3 11
1111 9 11
1111 9 11
1111 9 11
1111 3 11
1111 1 11 
1111 11 11
1111 8 11
1111 8 11
1111 11 11
1111 1 11
1111 6 11
1111 10 11
1111 10 11
1111 8 11 
1111 1 11
1111 4 11
1111 6 11
1111 2 11
1111 11 11
1111 12 11
1111 6 11
1111 1 11
1111 7 11
1111 5 11
1111 5 11
1111 1 11
1111 8 11
1111 7 11
1111 2 11
1111 5 11
1111 1 11
1111 8 11
1111 2 11
1111 5 11
1111 6 11
1111 5 11
1111 1 11
1111 1 11
1111 8 11
1111 2 11
1111 4 11
1111 10 11
1111 1 11
1111 12 11
1111 6 11
1111 9 11
1111 9 11
1111 12 11
1111 12 11